"MGYA00636313" "MGYA00636314" "MGYA00636315" "MGYA00636316" "MGYA00636317" "MGYA00636318" "MGYA00636319" "MGYA00636320" "MGYA00636321" "MGYA00636322" "MGYA00636323" "MGYA00636324" "MGYA00636325" "MGYA00636326" "MGYA00636327" "MGYA00636328" "MGYA00636329" "MGYA00636330" "MGYA00636331" "MGYA00636332" "MGYA00636333" "MGYA00636334" "MGYA00636335" "MGYA00636336" "MGYA00636337" "MGYA00636338" "MGYA00636339" "MGYA00636340" "MGYA00636341" "MGYA00636342" "MGYA00636343" "MGYA00636344" "MGYA00636345" "MGYA00636346" "MGYA00636347" "MGYA00636348" "MGYA00636349" "MGYA00636350" "MGYA00636351" "MGYA00636352" "MGYA00636353" "MGYA00636354" "MGYA00636355" "MGYA00636356" "MGYA00636357" "MGYA00636358" "MGYA00636359" "MGYA00636360" "MGYA00636361" "MGYA00636362" "MGYA00636363" "MGYA00636364" "MGYA00636365" "MGYA00636366" "MGYA00636367" "MGYA00636368" "MGYA00636369" "MGYA00636370" "MGYA00636371" "MGYA00636372" "MGYA00636373" "MGYA00636374" "MGYA00636375" "MGYA00636376" "MGYA00636377" "MGYA00636378" "MGYA00636379" "MGYA00636380" "MGYA00636381" "MGYA00636382" "MGYA00636383" "MGYA00636384" "MGYA00636385" "MGYA00636386" "MGYA00636387" "MGYA00636388" "MGYA00636389" "MGYA00636390" "MGYA00636391" "MGYA00636392" "MGYA00636393" "MGYA00636394" "MGYA00636395" "MGYA00636396" "MGYA00636397" "MGYA00636398" "MGYA00636399" "MGYA00636400" "MGYA00636401" "MGYA00636402" "MGYA00636403"
"MGYA00636313" 4.72904191414768e-05 3.65924182961208e-05 1.18764596841105e-05 1.3748670828396e-06 3.95926374803595e-06 3.91272011078543e-06 4.7393076971799e-06 3.39980609186212e-06 2.83289103554231e-06 1.14655243795741e-06 5.19849559208262e-06 1.04057901484232e-05 1.06275416435105e-05 9.30431947568217e-06 9.90692523758802e-07 7.13932169953954e-07 6.9100824812791e-07 5.27169430471488e-06 5.77562069157361e-06 3.9689088053956e-06 1.06972109817392e-05 3.36587320963204e-06 5.4773628228127e-06 6.00323037456672e-06 6.17408568048041e-06 5.49193476477081e-06 5.99217155221558e-06 3.65479250780319e-06 6.01690358616337e-06 1.52189023940061e-06 6.8826095972489e-06 6.85734358001391e-07 6.99886603131045e-07 5.22776194460626e-06 1.10184016907087e-06 1.00282018353576e-05 9.07364892473861e-07 1.61276340993804e-06 1.23001656180642e-06 4.56694265671202e-06 7.01019310597058e-07 5.13364535999665e-06 1.2989097083001e-05 9.04161360175721e-07 3.25097719184053e-06 8.23908370406404e-07 3.00653042134138e-06 1.49612653684567e-06 3.64914996924685e-06 7.42174119001936e-07 8.55547003529804e-06 1.23608886162134e-06 8.59326248657105e-06 8.42888490273822e-07 7.53136506564752e-07 7.71485137052761e-06 7.79267005451958e-07 5.31493535830323e-06 7.60439203327201e-07 4.83599035722022e-06 1.02591710231246e-06 8.42830925750184e-06 8.3241996257566e-07 7.0858228596899e-06 1.58818520026459e-05 7.03409783019694e-06 7.41792443400765e-06 2.92358520814761e-06 7.980402124631e-07 7.56945142181e-07 5.55619813595845e-06 3.33141322914847e-05 1.55409958358461e-06 2.80769509997281e-06 1.08813226029396e-06 2.51944645230156e-05 2.56502375405468e-06 2.38227668731883e-05 1.75158274714415e-06 3.69351014307605e-05 1.33134648033395e-06 1.16962625205555e-05 1.31401289358153e-05 1.40190961240251e-06 1.14320578894375e-05 9.06981900003147e-07 8.9658132084578e-06 1.05396221517975e-06 8.7835601057705e-06 8.98824190383128e-07 7.71302690890803e-07
"MGYA00636314" 3.65924182961208e-05 4.3265052831113e-05 1.04017664416629e-05 1.31000003617129e-06 3.26663749029923e-06 3.20729954893505e-06 4.0111204454508e-06 3.15950697898154e-06 2.57117381412554e-06 1.06497415225712e-06 4.64579398508327e-06 8.58521231765397e-06 9.97738853461348e-06 9.07005668884715e-06 9.34882357812259e-07 7.01570669058473e-07 6.8336282325236e-07 4.49881506484703e-06 4.65739308911493e-06 3.59716006214151e-06 1.2998924316707e-05 3.44177004857124e-06 5.23702803722332e-06 5.44108594582962e-06 5.0723793502038e-06 4.82908433270717e-06 4.97260034169273e-06 3.05833947425002e-06 4.60196032744655e-06 1.37197925346035e-06 5.25601230433959e-06 6.78424550079107e-07 6.91310694528567e-07 4.22422445733399e-06 1.02728335351153e-06 7.28511219556388e-06 8.67698845567572e-07 1.48644196163249e-06 1.13388958479829e-06 3.60950753019322e-06 6.90817157952566e-07 4.13288767956383e-06 1.2469453654358e-05 8.78432097039684e-07 2.91842694451261e-06 8.01208242721458e-07 2.83776457520684e-06 1.36267407882962e-06 3.37335735274491e-06 7.31552960871833e-07 6.28189146915654e-06 1.13886309974582e-06 6.34628551495214e-06 8.11321079491141e-07 7.46691911976935e-07 5.88254995493512e-06 7.58363227337789e-07 4.84443925513219e-06 7.50039453005234e-07 4.35003282178684e-06 9.66047280700675e-07 6.99049136411166e-06 8.02541828987425e-07 5.7054047819742e-06 1.88379878694408e-05 5.22834589397227e-06 5.92631584107644e-06 2.49748833041553e-06 7.74311860795573e-07 7.48335079293435e-07 4.76222286311353e-06 2.86534851724995e-05 1.39901241085619e-06 2.38414253259535e-06 1.0189241045479e-06 1.73838251477072e-05 2.19380263444958e-06 1.66895185207758e-05 1.55889084857929e-06 2.79677913658791e-05 1.26173469348987e-06 1.1939402055046e-05 1.30642114733958e-05 1.28733369166071e-06 1.14899833985617e-05 8.64719063590843e-07 1.03675847896143e-05 9.88023699614522e-07 1.01527176852098e-05 8.57725251490623e-07 7.51261253184787e-07
"MGYA00636315" 1.18764596841105e-05 1.04017664416629e-05 7.60105626052669e-05 2.62857536882216e-06 1.1176687204708e-05 1.03907906823837e-05 1.47283244896952e-05 1.22277645675319e-05 9.96059146163285e-06 2.08588459862628e-06 2.98375890014709e-05 4.27081681458867e-05 5.65732364620375e-05 4.26439085287902e-05 1.63922878394611e-06 9.53294537816368e-07 8.7783972277279e-07 4.72569966282587e-06 5.21933028146587e-06 9.45437549032092e-06 1.19875466139844e-05 6.94327212817445e-06 2.58533818099843e-05 3.83247261113599e-05 1.2667971332034e-05 2.40571916870423e-05 2.68356906961363e-05 4.23748858061007e-06 1.03238516614923e-05 3.15470862241314e-06 9.12569527900246e-06 8.90764267488856e-07 8.87655260305136e-07 7.4951353712513e-06 1.89746407571891e-06 7.4275782140354e-06 1.29894125367849e-06 2.14249747495888e-06 2.3126259688455e-06 9.59209110892619e-06 9.24203681677043e-07 1.03261028549002e-05 5.14807917327573e-05 1.40280172999622e-06 1.17577701442864e-05 1.20939165549393e-06 8.96303287641352e-06 3.20726885723909e-06 1.42203337013508e-05 9.12667650552634e-07 4.91830273844015e-06 2.33705802429175e-06 4.53459809396571e-06 1.26820273490796e-06 9.55230577292653e-07 3.92645708834369e-06 1.0603303976238e-06 2.02968514681031e-06 9.31696357945776e-07 1.93134469595813e-06 1.56431787261904e-06 2.80094334744348e-06 1.19293203168146e-06 2.68939330456188e-06 1.44694854042239e-05 6.86890957088634e-06 2.81447178070021e-06 3.88795974357689e-06 1.121035305306e-06 9.48619827089806e-07 2.15272259568292e-06 7.91688340284477e-06 3.18208052992108e-06 7.24641579129169e-06 1.83778186860999e-06 1.36148672676462e-05 6.46562880595544e-06 1.54623807927419e-05 3.79362108231122e-06 1.85690450880555e-05 2.5332952803785e-06 3.66135404875837e-05 2.91124901060945e-05 2.8639827050138e-06 4.0121946759821e-05 1.43756917957385e-06 1.19365550379359e-05 1.83151923691513e-06 1.13869445544979e-05 1.41528845132383e-06 1.0909868726984e-06
"MGYA00636316" 1.3748670828396e-06 1.31000003617129e-06 2.62857536882216e-06 0.000126548572401575 8.0580056919184e-06 7.50494205729066e-06 1.09501563474198e-05 1.74969046222424e-05 1.73332851031339e-05 3.30368857028629e-05 5.2229787958634e-06 2.3870410948145e-06 2.22842566414965e-06 3.22244653660988e-06 4.27768792772014e-05 1.38155661924703e-05 8.13392884519829e-06 5.08293454623902e-06 4.35286330546295e-06 2.12663924927264e-05 1.29064149166415e-06 1.27081693946249e-05 6.73030075026536e-06 4.50750919444159e-06 2.51959212348961e-06 8.40171322744339e-06 4.53877532486421e-06 8.40302626117296e-06 3.36265439785651e-06 2.09619192732954e-05 5.12351407151026e-06 9.1290503156923e-06 8.87366423422979e-06 8.38344531324309e-06 3.89881308197109e-05 2.70294792651749e-06 3.4899000374238e-05 1.86484854197488e-05 2.96382873952832e-05 5.39732718524844e-06 1.16853389062954e-05 3.10184870816508e-06 2.08720163795677e-06 4.88612477611636e-05 1.32521728183438e-05 3.43136827682778e-05 2.27029166508976e-05 2.63549342683424e-05 1.31838442437677e-05 7.0002687165528e-06 1.90894231974764e-06 2.88983764294209e-05 1.73651619835214e-06 3.72010325586667e-05 4.68510394802319e-06 1.78915356899336e-06 2.12326374671776e-05 9.69251715630113e-07 6.19575824201e-06 9.65911894730707e-07 4.40461058036553e-05 9.56818237820338e-07 3.20887862102268e-05 1.04455778942945e-06 1.19868952697424e-06 3.36247974391756e-06 1.03348217334419e-06 1.22431661907631e-05 2.69705593140711e-05 8.46687941347616e-06 9.81695084051399e-07 1.35416962392117e-06 2.30732895399792e-05 7.13429573751256e-06 4.70684129501708e-05 1.53881163837201e-06 8.70454449822461e-06 1.56814714416445e-06 1.94779690282541e-05 1.44886303564269e-06 0.00011464555325348 1.76808686047425e-06 1.43270505980746e-06 3.45363143105525e-05 1.84912125226577e-06 4.30632366152223e-05 1.28536173669476e-06 3.80472148573508e-05 1.27346266473431e-06 4.25685018491415e-05 2.40811011579003e-05
"MGYA00636317" 3.95926374803595e-06 3.26663749029923e-06 1.1176687204708e-05 8.0580056919184e-06 9.43667517801286e-05 8.56153707282768e-05 4.76321913830992e-05 1.99131087924726e-05 3.0251399567094e-05 1.06891601011414e-05 2.22118698711163e-05 1.35442613501264e-05 8.0102144007249e-06 8.45428416118536e-06 7.0541911928452e-06 2.19532498928117e-06 1.75653525435526e-06 7.3745157398435e-06 9.46108025549935e-06 1.79351317512588e-05 2.75715350482734e-06 6.16222453267053e-06 1.28946259186765e-05 1.72567945486029e-05 1.24414949208582e-05 2.82931004579221e-05 3.60712916935303e-05 1.16032905523373e-05 2.43188760769365e-05 2.07262092562908e-05 2.28857870493633e-05 1.82417704875748e-06 1.815588907541e-06 2.16286025388247e-05 9.29703905543156e-06 1.01624774690917e-05 4.13238275644718e-06 5.78616804210579e-06 1.27327241111442e-05 4.96237828325914e-05 2.02976797112092e-06 1.76927227940146e-05 6.81192187319739e-06 3.93129027415782e-06 3.241048689092e-05 3.37136469859187e-06 1.50654928110156e-05 1.93179690318151e-05 2.11188812205864e-05 1.75404061981904e-06 6.37145361903646e-06 1.28960354438994e-05 5.52255034140617e-06 4.09302920083464e-06 1.58635566274817e-06 4.82639966294529e-06 2.76574790270259e-06 1.75203060815731e-06 1.71473022922975e-06 1.75252722872166e-06 6.12017069235063e-06 2.27470539634875e-06 3.61882280675244e-06 2.54429959644441e-06 2.96567293026105e-06 1.44019173285863e-05 2.61376416209204e-06 1.29155780901098e-05 3.1249532297005e-06 1.8433316749815e-06 2.012075621594e-06 3.45135292210776e-06 2.14237533819196e-05 4.05089024429452e-05 8.48625931866906e-06 6.37817935328868e-06 4.39977856300529e-05 6.82509943302084e-06 2.77792095178033e-05 5.18056987460679e-06 8.72931452249958e-06 5.21214502379292e-06 4.71322621353658e-06 1.61224191743382e-05 5.6120020542503e-06 5.4210952098503e-06 2.88933457398939e-06 8.5440160655349e-06 2.84483354480618e-06 5.2583017380192e-06 2.92255163190562e-06
"MGYA00636318" 3.91272011078543e-06 3.20729954893505e-06 1.03907906823837e-05 7.50494205729066e-06 8.56153707282768e-05 9.15487049793111e-05 4.05535541214795e-05 1.71171651289941e-05 2.60908999809581e-05 1.05584902872249e-05 1.99150843363412e-05 1.31583781340492e-05 7.49175991965742e-06 7.7108163568214e-06 6.95919540105644e-06 2.17622561231568e-06 1.74180878593778e-06 7.37888340595987e-06 9.70091386807436e-06 1.58370460957999e-05 2.66003530018652e-06 5.64953113787798e-06 1.1364433537266e-05 1.54621604896862e-05 1.3120190056728e-05 2.41459367552416e-05 3.38116475197868e-05 1.1730337388344e-05 2.7087790972078e-05 2.06322713529773e-05 2.34202352014403e-05 1.80793869130471e-06 1.79973833528612e-06 2.12953368755044e-05 9.1657059891504e-06 1.0556315941507e-05 4.08116235189363e-06 5.67725593823408e-06 1.25887539164955e-05 5.60201485443521e-05 2.01208970433918e-06 1.92944276095722e-05 6.36536204016153e-06 3.81677238421464e-06 2.81225418250718e-05 3.30999263796132e-06 1.325810621917e-05 1.87501194278475e-05 1.82488737177808e-05 1.73859868565645e-06 6.73714271820451e-06 1.276124440217e-05 5.82877105479395e-06 4.04516894818026e-06 1.57018162554769e-06 5.0482938428332e-06 2.73767546034628e-06 1.79226518977906e-06 1.69857798444535e-06 1.79915519557513e-06 6.03264487362152e-06 2.35414860603637e-06 3.57974923510748e-06 2.65518681393683e-06 2.87202993224274e-06 1.53715018397644e-05 2.73281567813148e-06 1.29396402085627e-05 3.08943304747176e-06 1.81929123378697e-06 2.0822333833041e-06 3.43524987201411e-06 2.11511793232546e-05 4.36634844247431e-05 8.31128255663823e-06 6.49395146120637e-06 4.67039208592412e-05 6.94060416756158e-06 2.74365239380496e-05 5.11751139062239e-06 8.16196277610619e-06 4.9184310134434e-06 4.54770294028868e-06 1.5532011781881e-05 5.2832914530896e-06 5.35362768484437e-06 2.8028205408368e-06 8.42999196385181e-06 2.7640414737508e-06 5.19493316391012e-06 2.89094708945313e-06
"MGYA00636319" 4.7393076971799e-06 4.0111204454508e-06 1.47283244896952e-05 1.09501563474198e-05 4.76321913830992e-05 4.05535541214795e-05 9.24924840645473e-05 3.5016552419049e-05 3.79842273822381e-05 9.42330547617722e-06 2.53955949031702e-05 1.31968914103889e-05 1.03426775486927e-05 1.31496970372238e-05 6.95128666168852e-06 2.52973398611961e-06 2.05091658935684e-06 9.02332012580619e-06 1.02777449918346e-05 3.70135135797139e-05 3.37066881196769e-06 9.95528814116166e-06 2.19368453268663e-05 2.24474376165445e-05 8.51512524209294e-06 5.31061548520177e-05 3.01312287634225e-05 1.30633619008545e-05 1.42355810767363e-05 1.50801609035338e-05 2.26102815502339e-05 2.1179632997944e-06 2.13286091958508e-06 2.62606307111278e-05 8.76914501532195e-06 1.01340397332547e-05 4.6957838218895e-06 7.30929052254924e-06 1.07481633950865e-05 2.51134925823279e-05 2.34900540714036e-06 1.04749386015336e-05 9.41585920463483e-06 4.71466132256657e-06 4.1658924415537e-05 3.90272685858491e-06 2.62756629641366e-05 1.56032047533969e-05 3.49061658070223e-05 2.07331905082553e-06 5.91966898006709e-06 1.07816705948546e-05 5.18223948564265e-06 4.42608708791944e-06 1.81340903868265e-06 4.78368844764334e-06 3.19977759674983e-06 1.83148663472065e-06 2.02208835924583e-06 1.79841000737293e-06 6.6489774632586e-06 2.27930880007136e-06 4.05281688128389e-06 2.47665717304863e-06 3.63414612600492e-06 1.23444593640762e-05 2.50780406363823e-06 1.46200517826914e-05 3.56584984657006e-06 2.23079400081237e-06 2.0131824626906e-06 4.07449307602234e-06 1.63498898811625e-05 1.91865167621529e-05 8.52976836355569e-06 6.3842089685487e-06 2.12269911916038e-05 6.74078899356353e-06 1.96610370569008e-05 6.00570323771609e-06 1.13042866991821e-05 6.83622130591555e-06 5.49481435584161e-06 1.44220572471681e-05 7.37769951980603e-06 5.57619499436124e-06 3.33755191091805e-06 7.97447525738312e-06 3.256697015425e-06 5.43411701964955e-06 3.30532668775162e-06
"MGYA00636320" 3.39980609186212e-06 3.15950697898154e-06 1.22277645675319e-05 1.74969046222424e-05 1.99131087924726e-05 1.71171651289941e-05 3.5016552419049e-05 8.87828924210213e-05 5.8699497946693e-05 1.05214992487104e-05 2.78978861773197e-05 9.40124139769967e-06 1.02415312444818e-05 1.5200885832812e-05 8.39967996212411e-06 3.43146714938707e-06 2.70056702581365e-06 5.66458757744542e-06 5.48168612182151e-06 3.74256500099104e-05 3.65789691964373e-06 1.82575060738426e-05 3.71851381395511e-05 2.56776255646025e-05 6.06257822518733e-06 4.53237715143741e-05 1.86888742865479e-05 7.28871052961575e-06 7.00708772254752e-06 1.36592373200165e-05 8.96019809862804e-06 2.86030849097093e-06 2.80116861126961e-06 1.14298936609675e-05 9.68127610384135e-06 4.79691202631325e-06 5.68779936730205e-06 6.67543487129864e-06 1.13870751573896e-05 1.0718336856291e-05 3.18224867333795e-06 6.66151226175434e-06 9.16366323961605e-06 7.00508250296505e-06 4.78958071519871e-05 5.50083651612289e-06 5.4615348918354e-05 1.60977209781125e-05 6.47492447294902e-05 2.59375214019529e-06 3.08522518223629e-06 1.14253622278329e-05 2.78403782017163e-06 5.90509138697365e-06 2.28880111879656e-06 2.6615377802499e-06 4.19613269657806e-06 1.32331204546023e-06 2.50683049260684e-06 1.29063048122528e-06 7.39276448142895e-06 1.50779956430459e-06 5.23254675906856e-06 1.57512140444606e-06 3.56181712184772e-06 5.46868716886996e-06 1.59120755166671e-06 8.61521279746239e-06 4.73253769809109e-06 2.89126672720895e-06 1.37036433238256e-06 2.88148586245242e-06 1.42686389126806e-05 1.28779620632694e-05 9.68522729773234e-06 3.84430707616061e-06 1.41483454524815e-05 4.08925477069035e-06 1.5752696123794e-05 4.13389534870173e-06 1.69560545827467e-05 7.24530456256941e-06 5.24688107919582e-06 1.56597390003548e-05 7.79472035094727e-06 7.17004418713555e-06 3.65045857855124e-06 9.41319182170056e-06 3.54848167009918e-06 7.00542268649888e-06 4.52621267685717e-06
"MGYA00636321" 2.83289103554231e-06 2.57117381412554e-06 9.96059146163285e-06 1.73332851031339e-05 3.0251399567094e-05 2.60908999809581e-05 3.79842273822381e-05 5.8699497946693e-05 0.00010214018409326 1.54160354519063e-05 2.90154239425885e-05 9.27424457434949e-06 8.12794743618444e-06 1.05338237657496e-05 1.07192547830983e-05 3.20207877061516e-06 2.42921033573589e-06 5.16328692049297e-06 5.34815449667367e-06 2.71413043786289e-05 2.88408023231561e-06 1.17649350103129e-05 2.41598496370683e-05 2.28065979212752e-05 7.28352123856921e-06 3.77280174882273e-05 2.2819150165244e-05 7.28007329500272e-06 8.86609922209707e-06 2.33978047843787e-05 9.41707827611949e-06 2.59531448716233e-06 2.51493320715816e-06 1.14797807092804e-05 1.31777015436451e-05 4.70497981344442e-06 5.82782589260559e-06 6.20288363532227e-06 1.74566290097866e-05 1.48755151518325e-05 2.93053873516445e-06 8.65907998727639e-06 6.85307828262251e-06 6.8937514668979e-06 6.43452876407036e-05 5.4499479461323e-06 3.93991634083251e-05 2.75396201989869e-05 5.32380225215533e-05 2.30490317911192e-06 3.07555958005445e-06 1.76419697053332e-05 2.75200507386973e-06 6.38881033320748e-06 2.07250702977916e-06 2.56995971554559e-06 4.01805907986429e-06 1.23207367931507e-06 2.22611420999382e-06 1.21627419153515e-06 8.31979209754664e-06 1.42069810678391e-06 5.36197542297557e-06 1.51272547895263e-06 2.81264273623167e-06 5.84514372543396e-06 1.53820850261857e-06 8.86745487805777e-06 4.67465980315708e-06 2.5273871284675e-06 1.30418770243782e-06 2.44043873693639e-06 2.38526009650896e-05 2.20704533651739e-05 1.24809220619644e-05 3.59399374041673e-06 2.522077184174e-05 3.84927791457574e-06 2.7574050669853e-05 3.51180262173706e-06 1.81646866895724e-05 5.49030911919996e-06 4.32300789002853e-06 2.48100899838707e-05 5.92264717726332e-06 8.49697499303078e-06 3.00522996805832e-06 1.28968307818089e-05 2.94385050615468e-06 8.22340805142035e-06 4.46561046357079e-06
"MGYA00636322" 1.14655243795741e-06 1.06497415225712e-06 2.08588459862628e-06 3.30368857028629e-05 1.06891601011414e-05 1.05584902872249e-05 9.42330547617722e-06 1.05214992487104e-05 1.54160354519063e-05 0.000164027480217914 4.60210344755323e-06 2.24921770404912e-06 1.73862207102663e-06 2.22642106982317e-06 0.000100761677272664 7.78482370649838e-06 4.64434359293636e-06 4.2598189715635e-06 4.14862445864482e-06 1.09802538932548e-05 1.01634856073331e-06 5.98654460703316e-06 4.30365391131175e-06 3.62646438336791e-06 3.09000256196309e-06 6.14054302500224e-06 4.75033980990279e-06 7.85264748986032e-06 4.46864390767881e-06 7.46799091241028e-05 5.28119064299382e-06 5.18747810872717e-06 4.93100034370497e-06 7.76827455135656e-06 0.000132257343079853 2.65728711816633e-06 2.37301878850946e-05 1.15792260497858e-05 0.000140819804687771 7.74843727436999e-06 6.55540057395679e-06 4.22896550020477e-06 1.55497757129024e-06 2.20690009664898e-05 1.18543966278712e-05 1.8730761475845e-05 1.17347498661559e-05 8.27009025459401e-05 8.91288529241208e-06 4.07224963232311e-06 1.95447342446792e-06 0.000137428585619883 1.76198899996492e-06 3.20461108008896e-05 3.16854320772364e-06 1.75048213894691e-06 1.1915537206332e-05 9.0687619845287e-07 3.73073048812788e-06 9.191672123798e-07 4.67313749901119e-05 9.19071928892905e-07 2.19840604408063e-05 1.0277479208412e-06 9.49717421628836e-07 3.71057934749941e-06 1.02785383441836e-06 1.15830683091219e-05 1.6108929629071e-05 4.4764852737394e-06 9.50821746193079e-07 1.1439867344158e-06 7.63887764376799e-05 1.31743381526153e-05 0.000105122823413774 1.45454233541304e-06 1.73924570024779e-05 1.4904021116356e-06 5.48150412549786e-05 1.23385986011743e-06 4.31675398669341e-05 1.33623886322138e-06 1.1762722404034e-06 0.000103942998227187 1.39911859654151e-06 6.238090008107e-05 1.05782638614251e-06 0.00013714932050305 1.05661213548527e-06 5.83295044266624e-05 1.4638134577156e-05
"MGYA00636323" 5.19849559208262e-06 4.64579398508327e-06 2.98375890014709e-05 5.2229787958634e-06 2.22118698711163e-05 1.99150843363412e-05 2.53955949031702e-05 2.78978861773197e-05 2.90154239425885e-05 4.60210344755323e-06 8.3934191579301e-05 2.80980569790647e-05 2.5768840366274e-05 2.53441737056098e-05 3.36136148682025e-06 1.51894433900294e-06 1.29589505983675e-06 4.38891550488686e-06 4.83854095669311e-06 1.39853146554834e-05 6.18262272284252e-06 8.77506244202443e-06 3.73029520750882e-05 6.88690800461333e-05 1.39379765350926e-05 4.15141663279108e-05 4.78711249602944e-05 4.84878024473841e-06 1.1924038380623e-05 7.4025034934193e-06 9.01157511417703e-06 1.34870282698262e-06 1.31724891441475e-06 8.40134014621066e-06 3.98553853171199e-06 5.59194114986689e-06 2.2496997772402e-06 3.01329965982836e-06 5.19745338690432e-06 1.43762526124313e-05 1.44209585158332e-06 1.33521218134564e-05 1.94303146471802e-05 2.55043901835011e-06 3.13951445378579e-05 2.13678206350121e-06 1.79142570295365e-05 7.79077368945529e-06 3.34525121241069e-05 1.28532710895427e-06 3.70497634212257e-06 5.27515522131492e-06 3.35198126107347e-06 2.35120166953861e-06 1.29447040061558e-06 2.9453549641317e-06 1.7452728458273e-06 1.46357694130789e-06 1.28509298415144e-06 1.42516759986243e-06 2.87933603745104e-06 1.8709307469216e-06 2.09426670524869e-06 1.89950950965917e-06 6.34629946372666e-06 6.22901732735171e-06 1.97397898411596e-06 5.0294140970862e-06 1.91720109136768e-06 1.36069497007677e-06 1.56611294092665e-06 3.93317875392734e-06 7.31406271241089e-06 1.64211115956949e-05 3.76954667729217e-06 6.83072546261934e-06 1.51070220531548e-05 7.67611253307785e-06 8.88913015768479e-06 7.40969525571901e-06 5.18225134628111e-06 1.55746623063434e-05 1.23911364179144e-05 6.70850007911508e-06 1.71816827472639e-05 2.83630817885402e-06 6.72061706861008e-06 3.91638664602298e-06 6.50896268298148e-06 2.77346951320303e-06 1.87111586988414e-06
"MGYA00636324" 1.04057901484232e-05 8.58521231765397e-06 4.27081681458867e-05 2.3870410948145e-06 1.35442613501264e-05 1.31583781340492e-05 1.31968914103889e-05 9.40124139769967e-06 9.27424457434949e-06 2.24921770404912e-06 2.80980569790647e-05 7.17265292602174e-05 3.57594205329664e-05 2.2004509925194e-05 1.71033419697817e-06 9.18170888990941e-07 8.29509189942772e-07 4.42536026627135e-06 5.36644940394885e-06 7.11946552376504e-06 9.3291659851186e-06 4.83030194710574e-06 1.58350021626049e-05 2.9978077527126e-05 2.34212640273287e-05 1.78836941385655e-05 3.50139365677376e-05 4.12943027345239e-06 1.65888116201032e-05 3.57911242012299e-06 9.77834530626338e-06 8.46032329858243e-07 8.38740449300701e-07 7.19173133194277e-06 2.00510094362883e-06 8.14090991764571e-06 1.27907859973171e-06 1.97214330740291e-06 2.52292568501961e-06 1.33925889931639e-05 8.85008164243985e-07 1.83221290464498e-05 2.78974241787907e-05 1.34231242402551e-06 1.12096593372876e-05 1.17637001095433e-06 7.02780711717869e-06 3.52150093771146e-06 1.1366442402287e-05 8.51615612169548e-07 5.72575421550525e-06 2.55707544087689e-06 5.25070099179096e-06 1.27457800761673e-06 8.86730550531521e-07 4.28955874534518e-06 1.02854565934311e-06 2.08080439226088e-06 8.64531118958209e-07 2.01019081015695e-06 1.57512848967927e-06 3.07964165356351e-06 1.18086406578344e-06 3.01858970784249e-06 1.12746667966246e-05 8.158472437939e-06 3.2191599367558e-06 3.78710965211768e-06 1.09749126228702e-06 8.77812836331161e-07 2.31912609830813e-06 7.13482045740118e-06 3.54773754676556e-06 1.01935685739922e-05 1.90242702208931e-06 1.63589278862146e-05 8.6064019579449e-06 1.92682808909098e-05 4.30563074661011e-06 1.73097377806919e-05 2.36324271309878e-06 2.29547900298845e-05 2.49523707174385e-05 3.05010946012336e-06 2.48022441595539e-05 1.47731480834223e-06 1.03537135290747e-05 1.94307247494748e-06 1.00575286265756e-05 1.45176362586962e-06 1.06908428560739e-06
"MGYA00636325" 1.06275416435105e-05 9.97738853461348e-06 5.65732364620375e-05 2.22842566414965e-06 8.0102144007249e-06 7.49175991965742e-06 1.03426775486927e-05 1.02415312444818e-05 8.12794743618444e-06 1.73862207102663e-06 2.5768840366274e-05 3.57594205329664e-05 7.38083466543973e-05 4.55672646314507e-05 1.38390187950903e-06 8.53251488557856e-07 7.95057788283547e-07 3.79790630774676e-06 4.04368947107682e-06 7.37586899808077e-06 1.57401934490055e-05 6.70684282719804e-06 2.41207281518535e-05 3.40982667267807e-05 1.14527909261712e-05 1.777716111177e-05 1.98906084358408e-05 3.21840262295829e-06 7.77103144097914e-06 2.56014654413139e-06 6.33768923450518e-06 8.07835934477995e-07 8.00351245297911e-07 5.34735774046583e-06 1.57652717537425e-06 5.38725991502917e-06 1.10983676890711e-06 1.75887275020167e-06 1.91310174287072e-06 6.938269059416e-06 8.31395185955468e-07 8.66876802672039e-06 5.85691015562367e-05 1.22744356179373e-06 9.59664918247811e-06 1.0608995599556e-06 7.79336461770104e-06 2.62375882681399e-06 1.21615562045775e-05 8.22940251506129e-07 3.75310130364377e-06 1.93459727982945e-06 3.505598983317e-06 1.10026545327221e-06 8.87135231668121e-07 3.06278930218253e-06 9.30963045713587e-07 1.79438519248849e-06 8.44157206779642e-07 1.6984012123038e-06 1.30721499959091e-06 2.40692483646711e-06 1.0334659522177e-06 2.2539915593133e-06 1.79248614600895e-05 4.95843665641594e-06 2.36470565917762e-06 2.97279901117035e-06 9.80096872486561e-07 8.53971315351222e-07 1.85374822900869e-06 6.97684289579752e-06 2.55742502062618e-06 5.81861904443551e-06 1.52794329434638e-06 1.10129015203985e-05 5.13076523051748e-06 1.25514211028886e-05 3.0153071216655e-06 1.61519772372004e-05 2.12937322473051e-06 5.04056300343472e-05 3.81822863658397e-05 2.34600012592724e-06 5.50924969693957e-05 1.23071112537884e-06 1.61653938715389e-05 1.5395898596801e-06 1.53271873453592e-05 1.21314993204303e-06 9.62709534246086e-07
"MGYA00636326" 9.30431947568217e-06 9.07005668884715e-06 4.26439085287902e-05 3.22244653660988e-06 8.45428416118536e-06 7.7108163568214e-06 1.31496970372238e-05 1.5200885832812e-05 1.05338237657496e-05 2.22642106982317e-06 2.53441737056098e-05 2.2004509925194e-05 4.55672646314507e-05 7.07988123142862e-05 1.82914847872295e-06 1.1553844025742e-06 1.06752096053501e-06 4.66085594928759e-06 4.62762831193673e-06 1.13896372798292e-05 1.33623041149822e-05 1.07007181607334e-05 3.74982755683349e-05 3.46976977027314e-05 7.87774970334485e-06 2.40780728317712e-05 1.71481443684041e-05 3.91616230536312e-06 6.41856564456678e-06 3.09531460691502e-06 6.79665790935258e-06 1.086278327449e-06 1.08017202788725e-06 6.44374597169357e-06 2.05916503689509e-06 5.36328267865545e-06 1.51306911158127e-06 2.38962911511428e-06 2.4193170941213e-06 6.55689869905765e-06 1.12354945449562e-06 6.57145293002492e-06 4.72422031946195e-05 1.71471326667026e-06 1.24692850782317e-05 1.46034423468431e-06 1.21979855591407e-05 3.26189894066338e-06 1.77053903376352e-05 1.10142197136959e-06 3.59233956683555e-06 2.43864814881043e-06 3.34465755411659e-06 1.48403904427369e-06 1.14237361398433e-06 3.06150593372626e-06 1.27124189733928e-06 1.78207399511192e-06 1.12145681432617e-06 1.67514255639456e-06 1.76468062628116e-06 2.24496165694871e-06 1.40465219662902e-06 2.12351920470775e-06 1.429592040224e-05 4.90869556370101e-06 2.18790855994734e-06 3.725914263365e-06 1.33730367629384e-06 1.16248344040066e-06 1.79346640018163e-06 6.51251318867507e-06 3.1393171174486e-06 5.62093623102559e-06 2.03090938200052e-06 8.40108069392088e-06 5.23192462532062e-06 9.21528400513741e-06 3.61852399315063e-06 1.25223205853177e-05 3.0313082193026e-06 3.73807270657734e-05 2.28688785027056e-05 3.00694268807108e-06 4.00422342239383e-05 1.64333497161237e-06 1.24235029413044e-05 2.00418074806804e-06 1.17431975598127e-05 1.6213772497131e-06 1.3078497868617e-06
"MGYA00636327" 9.90692523758802e-07 9.34882357812259e-07 1.63922878394611e-06 4.27768792772014e-05 7.0541911928452e-06 6.95919540105644e-06 6.95128666168852e-06 8.39967996212411e-06 1.07192547830983e-05 0.000100761677272664 3.36136148682025e-06 1.71033419697817e-06 1.38390187950903e-06 1.82914847872295e-06 0.000180247594619807 1.19912838549287e-05 6.44979952318626e-06 4.10380552136392e-06 3.75731650488878e-06 9.97303650105559e-06 8.82883083873308e-07 6.13898780994137e-06 3.50340214107292e-06 2.73068888883204e-06 2.34987502434759e-06 4.66859992166095e-06 3.35457342719649e-06 7.51692761161328e-06 3.30127616373202e-06 3.91088910378104e-05 4.27402030422751e-06 7.33896080118649e-06 6.96519942990944e-06 6.65029708283987e-06 0.000132519823018076 2.2414553670906e-06 4.4197713198049e-05 1.47952162067686e-05 7.8095095237053e-05 5.40771127114099e-06 9.74784911332723e-06 3.12502192375007e-06 1.26435973830589e-06 3.94646264425086e-05 8.39239987454354e-06 3.41270434172875e-05 1.02203618760548e-05 4.3900937265546e-05 6.91709854916329e-06 5.45829161205009e-06 1.6761664285958e-06 7.53763225699672e-05 1.52213392687021e-06 6.34775883046867e-05 3.89509292127192e-06 1.55084041639492e-06 2.01701556552806e-05 8.48493163241595e-07 4.86500574513453e-06 8.59540600865685e-07 8.46602777556322e-05 8.25856302648075e-07 4.17396923295685e-05 9.21163444117624e-07 8.14917521967835e-07 3.04411925785505e-06 9.15443036466266e-07 1.13598040163568e-05 2.89518353536896e-05 6.15548288529599e-06 8.73723626686763e-07 1.01078868615983e-06 4.12233757567039e-05 8.31645330944866e-06 0.000141032600185534 1.20005809392899e-06 1.05814026836318e-05 1.21851707382974e-06 2.98651827384735e-05 1.03136739222137e-06 5.47320787894919e-05 1.09756282217012e-06 9.60562423313561e-07 5.9814960796606e-05 1.14299788792149e-06 0.000127425533846719 9.07742919166628e-07 0.000140439537977725 9.07875216958298e-07 0.000119778733128698 2.5470427023212e-05
"MGYA00636328" 7.13932169953954e-07 7.01570669058473e-07 9.53294537816368e-07 1.38155661924703e-05 2.19532498928117e-06 2.17622561231568e-06 2.52973398611961e-06 3.43146714938707e-06 3.20207877061516e-06 7.78482370649838e-06 1.51894433900294e-06 9.18170888990941e-07 8.53251488557856e-07 1.1553844025742e-06 1.19912838549287e-05 0.000112244635107959 5.32243878194153e-05 3.24544103286412e-06 2.50232558863438e-06 4.84031750732995e-06 6.67251620511085e-07 5.89097384727269e-06 1.93110573413185e-06 1.35938875088921e-06 1.17612439326069e-06 2.04447449995894e-06 1.40974497769449e-06 4.74196398357504e-06 1.47035178402557e-06 5.00872148270792e-06 2.09583050710991e-06 6.53158325198952e-05 6.05794032768183e-05 3.24099299927928e-06 9.15403500791356e-06 1.36923972292935e-06 3.4701514876754e-05 1.70721692936658e-05 6.82581568317925e-06 1.97069694411728e-06 9.48365135557192e-05 1.4227389158384e-06 8.22921472169384e-07 3.7453415784617e-05 2.79584682921611e-06 4.95657841839762e-05 4.66979993228135e-06 5.28765192786861e-06 2.87670187261447e-06 3.46740098012422e-05 1.11053733583638e-06 6.74463901800799e-06 1.0382037790335e-06 3.08011677277247e-05 1.51529865622502e-05 1.1239285290538e-06 7.66529409186242e-05 7.30934585739654e-07 2.64386893882559e-05 7.38522190048015e-07 1.7514351236086e-05 6.47872955693341e-07 4.23499257261235e-05 7.16315018981178e-07 6.04909847429658e-07 1.65850297227922e-06 6.99469899974349e-07 6.32523675823396e-06 5.86155339669331e-05 4.34992041663842e-05 7.20906668569542e-07 7.57115521996727e-07 5.11788822376405e-06 2.44271339140192e-06 1.04202212162977e-05 7.62642385437982e-07 2.74861116221468e-06 7.60601229605286e-07 4.42290465106548e-06 6.9599530629139e-07 1.22932382652331e-05 7.43234213598301e-07 6.43258434764008e-07 6.15340198617257e-06 7.62494255736827e-07 1.72756774203024e-05 6.63609864985099e-07 9.53527352624063e-06 6.63580504172032e-07 1.82308331889796e-05 6.72500798234918e-05
"MGYA00636329" 6.9100824812791e-07 6.8336282325236e-07 8.7783972277279e-07 8.13392884519829e-06 1.75653525435526e-06 1.74180878593778e-06 2.05091658935684e-06 2.70056702581365e-06 2.42921033573589e-06 4.64434359293636e-06 1.29589505983675e-06 8.29509189942772e-07 7.95057788283547e-07 1.06752096053501e-06 6.44979952318626e-06 5.32243878194153e-05 8.6154998219308e-05 3.07335185212062e-06 2.2934955478862e-06 3.85962536803166e-06 6.43996459591131e-07 5.37032161318856e-06 1.67899079696755e-06 1.1889535877321e-06 1.01572387232931e-06 1.72081111852096e-06 1.20152553111782e-06 4.1139258169704e-06 1.25469998854527e-06 3.33592961022656e-06 1.81954858673908e-06 7.88606573204977e-05 8.27936711876275e-05 2.73578088502245e-06 5.27907318846367e-06 1.26676655048282e-06 1.61141625777262e-05 1.35737594022635e-05 4.20938478708923e-06 1.61635049120971e-06 6.45124669205832e-05 1.20277177557946e-06 7.78432776677491e-07 1.68692505859632e-05 2.18433831263188e-06 2.05571135347206e-05 3.61265692395312e-06 3.47114697848458e-06 2.30747199696229e-06 6.10870822174207e-05 1.05092159067991e-06 4.17152110422215e-06 9.90533476832091e-07 1.35608919854208e-05 2.61303670242863e-05 1.08776679949667e-06 3.22784150795937e-05 7.35816553269666e-07 4.83655929705006e-05 7.42525255430927e-07 9.14027542701449e-06 6.39904812358747e-07 1.80388857310083e-05 7.06855503407981e-07 5.87069185081519e-07 1.48340115108448e-06 6.8636577823026e-07 5.14952418245441e-06 2.39388587032137e-05 6.8027824084766e-05 7.19557773792168e-07 7.37687217088337e-07 3.40438285080799e-06 1.88896479046279e-06 5.86024034703476e-06 7.16614049698137e-07 2.08166509404013e-06 7.11754873194711e-07 3.04310333596443e-06 6.65863160169882e-07 7.15679212199206e-06 7.08107936393053e-07 6.12135038253286e-07 3.91041703993025e-06 7.23935151268834e-07 8.53059973607553e-06 6.32803687243503e-07 5.40964460427914e-06 6.31944500135385e-07 8.89928285531913e-06 2.67793620141045e-05
"MGYA00636330" 5.27169430471488e-06 4.49881506484703e-06 4.72569966282587e-06 5.08293454623902e-06 7.3745157398435e-06 7.37888340595987e-06 9.02332012580619e-06 5.66458757744542e-06 5.16328692049297e-06 4.2598189715635e-06 4.38891550488686e-06 4.42536026627135e-06 3.79790630774676e-06 4.66085594928759e-06 4.10380552136392e-06 3.24544103286412e-06 3.07335185212062e-06 4.24965255610226e-05 3.28588496423185e-05 1.04283239611318e-05 2.37087171602813e-06 5.50999971561382e-06 4.9074393322274e-06 4.36756635301018e-06 3.75954573096034e-06 6.87329601572799e-06 5.3748559055948e-06 2.06253282962574e-05 6.64369232669695e-06 4.82826343176027e-06 1.5601247222946e-05 2.98693002080184e-06 3.200533776656e-06 1.8302676123849e-05 4.47247245083314e-06 1.46229360545091e-05 4.5336495373091e-06 9.83489818604345e-06 4.41939556140046e-06 7.80265926318002e-06 3.14897789656253e-06 4.47534170538332e-06 3.9887285606171e-06 3.88142590087541e-06 6.12587896263445e-06 3.69210355488072e-06 6.55273522922727e-06 4.67186046824909e-06 5.87388080315984e-06 3.41366009291266e-06 1.15852962224896e-05 4.39431999850319e-06 1.08543434022629e-05 3.72312555193871e-06 2.68833164886991e-06 1.24037120005137e-05 3.77779554890469e-06 4.78172930262693e-06 3.36196236072228e-06 4.60114822233218e-06 4.99474178035451e-06 5.35762254199136e-06 3.94786768692426e-06 6.12451624416167e-06 2.70441965606951e-06 1.4007085270568e-05 5.8000931663265e-06 1.67149403049874e-05 3.76943308060647e-06 3.49998205301509e-06 5.21941310992949e-06 5.87705675226932e-06 5.15667242461429e-06 4.89932356730999e-06 4.58828441577398e-06 5.82611481974722e-06 5.15410250949699e-06 5.52029281495748e-06 5.37840965993189e-06 5.06046091346043e-06 5.01632366394852e-06 3.23866740437862e-06 2.91940509140981e-06 4.73560853734524e-06 3.32349922638106e-06 3.85597586912721e-06 2.15892167925828e-06 4.10889027602224e-06 2.12275762971211e-06 3.84424089330909e-06 3.49265315893764e-06
"MGYA00636331" 5.77562069157361e-06 4.65739308911493e-06 5.21933028146587e-06 4.35286330546295e-06 9.46108025549935e-06 9.70091386807436e-06 1.02777449918346e-05 5.48168612182151e-06 5.34815449667367e-06 4.14862445864482e-06 4.83854095669311e-06 5.36644940394885e-06 4.04368947107682e-06 4.62762831193673e-06 3.75731650488878e-06 2.50232558863438e-06 2.2934955478862e-06 3.28588496423185e-05 4.86627029124973e-05 9.56419596168294e-06 2.34062971065642e-06 4.44610561118276e-06 4.7751582944994e-06 4.69890720492179e-06 4.94001681240804e-06 7.30822726812215e-06 6.61176436605733e-06 2.24336266875832e-05 9.89855345687718e-06 5.15995298317875e-06 2.29632297085059e-05 2.25310541378625e-06 2.38379868952303e-06 2.27462752940487e-05 4.24704426816447e-06 2.2010061744123e-05 3.75501558156191e-06 7.91173411490526e-06 4.4085564542468e-06 1.12155061967023e-05 2.40318020774127e-06 6.14312025140689e-06 4.14081237598789e-06 3.15145884405162e-06 6.48403026229795e-06 2.98231617243148e-06 5.9779168528146e-06 4.83830241260044e-06 5.81722419551166e-06 2.50420778881716e-06 1.73058253944338e-05 4.39667527724055e-06 1.57677405038341e-05 3.14865270939786e-06 2.04088137948044e-06 1.67739667740561e-05 2.97055979461556e-06 4.9282321680976e-06 2.46483946988445e-06 4.83285107969072e-06 4.39732856940897e-06 6.28804665772597e-06 3.2477128099987e-06 7.49466407915794e-06 2.7337448861122e-06 2.26501067677591e-05 7.22791896157791e-06 1.74087902398852e-05 3.02970618118194e-06 2.55163973632624e-06 5.85169957787551e-06 6.33049550721662e-06 5.48579364880552e-06 6.17890282606145e-06 4.25616588130305e-06 7.55124502936603e-06 6.37730865058728e-06 7.15366083624434e-06 5.91394843589107e-06 5.84772966770198e-06 4.3903712872117e-06 3.31245220994219e-06 3.12799339641363e-06 4.74623884528292e-06 3.41667489524312e-06 3.40537942983042e-06 2.19206498128133e-06 3.87556484573519e-06 2.16151969490608e-06 3.38066487512602e-06 2.80299749028495e-06
"MGYA00636332" 3.9689088053956e-06 3.59716006214151e-06 9.45437549032092e-06 2.12663924927264e-05 1.79351317512588e-05 1.58370460957999e-05 3.70135135797139e-05 3.74256500099104e-05 2.71413043786289e-05 1.09802538932548e-05 1.39853146554834e-05 7.11946552376504e-06 7.37586899808077e-06 1.13896372798292e-05 9.97303650105559e-06 4.84031750732995e-06 3.85962536803166e-06 1.04283239611318e-05 9.56419596168294e-06 7.69887802228682e-05 3.12567955566164e-06 1.87253506792723e-05 2.06634248047236e-05 1.367381860025e-05 4.72596462291986e-06 3.15686932948305e-05 1.25723869788798e-05 1.42835735419346e-05 6.957127386661e-06 1.26173702261893e-05 1.40494669262008e-05 3.98874848710968e-06 4.08403765981655e-06 2.14759089644923e-05 1.13371055314004e-05 7.27010202005827e-06 8.67807086426433e-06 1.32833568323423e-05 1.15363075575121e-05 1.10176140262021e-05 4.48366586571659e-06 5.47691051114053e-06 7.32444000250583e-06 9.27125223237374e-06 2.70797611704886e-05 7.500074304762e-06 3.9578670495441e-05 1.40819594182022e-05 3.14006746870851e-05 3.86297331022304e-06 4.4739297304119e-06 1.14330171758227e-05 4.01175708533628e-06 7.68926604385102e-06 2.97319296073124e-06 4.03721623613596e-06 6.21558498423395e-06 1.76434296156083e-06 3.6661984974094e-06 1.71412328914852e-06 1.09875508065235e-05 1.9863154449166e-06 7.46991906530876e-06 2.13284418214134e-06 3.2194019219965e-06 8.04224590604986e-06 2.11226086077246e-06 1.71401604624533e-05 6.78762354043531e-06 4.36320320396981e-06 1.84169825045385e-06 3.60086957840516e-06 1.40108674887673e-05 9.60284779729597e-06 1.20107021618209e-05 4.29797666458535e-06 1.09245977557046e-05 4.40611223684977e-06 1.47128293262724e-05 4.47816890863282e-06 2.02930838363463e-05 5.57545676169627e-06 4.15449172962833e-06 1.4929270672866e-05 5.90559579164441e-06 8.79605792520766e-06 2.93190228728734e-06 1.03463241694725e-05 2.85336018016025e-06 8.66237672991922e-06 6.2083220833756e-06
